409 402 406 355 359 351 307 287 268 246 232 249 265 272 294 298 309 331 327 329 349 315 286 278 270 280 263 235 238 231 216 213 202 206 180 168 171 211 261 294 308 278 256 265 271 291 262 237 206 200 
409 399 384 372 356 351 318 287 273 264 257 243 275 283 304 303 315 316 296 304 326 309 277 269 253 275 246 222 234 229 205 201 206 207 195 185 184 231 268 305 301 281 274 270 278 293 269 242 219 208 
425 409 403 375 351 352 331 300 276 262 261 262 293 306 301 307 299 278 271 280 292 280 283 258 253 268 260 239 233 230 202 190 206 198 224 230 210 229 265 297 300 285 290 290 300 300 300 279 272 260 
431 417 414 391 373 350 321 308 285 263 255 273 293 314 315 284 278 253 244 243 249 256 250 263 248 246 260 236 238 214 180 179 194 217 232 233 224 237 259 297 308 301 313 312 311 309 331 324 314 284 
401 413 417 403 386 351 327 308 286 270 269 288 305 320 305 277 245 218 204 191 202 206 203 212 213 227 239 231 219 208 187 190 193 222 241 265 259 262 273 308 309 308 323 337 332 334 345 339 331 320 
386 398 402 396 390 355 331 294 285 263 260 285 312 308 274 257 231 198 174 148 163 186 184 180 192 229 236 214 195 190 175 188 213 217 236 244 263 266 281 312 316 328 344 353 340 353 350 340 330 330 
384 399 397 378 386 353 306 274 270 262 258 290 304 300 266 244 232 201 172 146 147 146 166 175 187 221 230 210 203 197 172 177 205 208 232 234 226 240 261 286 324 345 354 361 346 339 340 326 312 304 
359 378 375 367 366 335 293 264 260 257 260 286 298 292 279 253 238 202 175 146 138 138 144 152 166 189 206 212 205 202 185 181 192 215 224 217 226 248 276 299 316 350 368 376 373 348 345 345 316 298 
340 357 358 356 347 330 289 259 238 248 263 270 277 268 264 242 210 174 161 140 129 126 128 134 151 187 200 200 202 192 190 179 179 206 223 221 239 257 286 297 299 324 370 399 392 374 362 348 345 318 
315 325 337 337 341 322 289 244 226 222 236 231 239 254 246 242 206 175 156 147 143 123 130 129 139 160 176 187 202 207 204 191 183 189 203 205 231 256 274 292 291 310 368 414 422 400 378 365 366 345 
315 318 331 333 329 319 269 224 213 206 222 225 232 243 228 232 209 191 179 162 151 130 116 129 150 155 172 189 217 235 242 201 187 203 212 200 227 251 274 293 306 336 374 396 427 419 414 386 373 359 
318 324 325 310 314 311 264 233 213 216 225 230 240 233 218 224 199 184 165 150 122 120 123 134 149 168 184 195 219 224 228 207 193 191 197 186 200 242 263 280 291 313 339 366 387 395 398 361 330 310 
301 308 316 315 306 299 250 221 203 196 207 207 216 205 194 175 167 157 150 143 111 120 118 111 139 151 176 216 247 237 224 189 150 144 143 148 156 201 221 240 239 262 290 324 347 349 347 299 270 249 
292 301 306 304 300 271 241 212 195 179 164 160 183 189 187 170 151 128 122 131 118 117 117 106 129 138 175 213 240 235 223 195 142 137 120 117 126 157 177 181 189 210 225 276 300 291 272 242 237 208 
287 301 314 305 294 261 230 197 169 137 138 144 146 163 161 155 120 92 101 112 116 128 136 115 127 150 191 222 231 227 221 180 139 118 112 108 97 120 119 123 110 137 175 211 235 248 217 194 181 154 
302 321 331 300 274 256 213 159 126 131 134 145 144 155 153 137 112 83 68 90 120 148 140 140 140 159 197 230 221 194 188 160 124 99 90 74 72 87 79 72 67 92 122 157 198 212 181 151 140 128 
313 323 335 288 261 249 204 155 123 134 147 157 162 161 145 135 97 71 70 89 124 132 146 139 135 153 170 197 200 173 159 144 126 115 96 50 57 54 66 39 25 54 89 108 138 155 152 117 99 83 
300 322 340 296 267 264 223 178 154 136 153 161 170 179 132 123 84 72 74 98 118 126 131 134 147 149 161 188 185 171 156 149 140 146 126 78 64 46 41 17 10 33 42 57 58 82 90 82 80 51 
297 331 345 325 295 277 241 180 160 144 154 164 173 156 129 122 103 67 65 98 109 113 140 133 140 139 148 175 185 170 171 160 139 141 112 80 56 51 10 -100 -100 -100 11 5 15 27 29 15 18 19 
310 347 345 321 276 267 230 201 175 159 149 162 163 143 112 98 95 69 87 101 111 117 129 123 122 135 138 150 142 147 152 158 165 161 126 102 68 40 18 -100 -100 -100 -100 -100 -100 0 -100 -100 -100 -100 
320 337 352 302 268 234 215 194 185 164 152 156 149 138 104 74 95 92 89 102 115 126 130 125 117 131 139 139 113 135 143 154 190 185 159 123 98 58 29 -100 -100 -100 -100 -100 -100 -100 -100 -100 -100 -100 
313 334 331 303 289 238 205 199 189 162 165 169 160 150 122 104 106 97 112 104 106 134 146 127 122 124 129 131 110 127 133 141 167 154 133 94 88 52 35 1 -100 -100 -100 -100 -100 -100 -100 -100 -100 -100 
275 294 298 287 278 241 209 215 186 162 166 173 144 148 139 125 120 112 116 107 113 127 136 116 100 98 108 108 110 127 124 120 122 110 104 86 58 38 24 5 8 21 -100 -100 -100 -100 -100 -100 -100 -100 
235 253 266 259 258 227 213 206 184 167 167 164 145 137 135 129 112 120 115 99 113 128 132 109 95 89 81 101 109 108 116 109 111 105 96 86 45 26 17 10 4 21 16 -100 -100 -100 -100 -100 -100 -100 
187 220 232 225 229 204 202 194 175 153 148 149 136 136 137 136 133 137 130 116 116 122 117 110 101 87 93 103 118 103 112 109 77 79 67 64 31 15 -100 -100 -100 2 12 -100 -100 -100 -100 -100 -100 -100 
186 189 214 206 215 204 164 178 155 147 144 152 141 143 154 163 144 125 137 128 125 137 145 100 85 65 98 113 132 110 93 92 72 68 61 53 22 -100 -100 -100 -100 -100 -100 -100 -100 -100 -100 -100 -100 -100 
197 195 206 199 210 195 164 158 150 136 148 136 130 140 143 138 129 115 125 139 160 159 147 127 101 90 103 116 127 114 107 78 57 70 65 33 21 -100 -100 -100 -100 -100 -100 4 6 -100 -100 -100 -100 -100 
222 208 198 199 183 165 138 122 123 103 105 112 127 138 147 136 117 113 132 141 161 149 146 127 107 95 115 123 129 116 104 80 52 55 52 17 6 -100 -100 -100 -100 8 18 34 24 12 -100 -100 -100 -100 
205 210 197 184 158 133 112 101 85 94 84 83 113 130 148 154 122 113 111 124 134 136 132 112 112 112 117 126 128 131 102 62 51 47 53 21 -100 -100 10 11 8 30 46 56 45 33 20 -100 -100 -100 
238 243 217 204 158 121 116 92 74 68 72 91 100 119 129 134 118 92 96 99 115 135 124 111 102 120 122 142 141 134 109 90 74 63 70 53 26 20 31 30 22 24 40 52 49 48 35 19 13 7 
255 234 221 207 176 158 140 100 68 56 73 94 104 110 101 109 98 82 88 103 112 142 137 120 112 125 133 145 155 132 126 119 99 103 79 58 50 66 36 23 28 36 37 53 60 50 53 47 34 18 
245 231 215 222 199 170 126 102 89 65 66 83 94 124 109 114 112 91 103 126 140 151 137 119 117 124 145 147 142 118 122 128 105 89 70 44 58 51 28 4 2 14 22 43 48 52 65 56 41 33 
258 250 233 220 211 187 141 128 101 74 66 77 85 124 132 114 125 119 134 146 143 146 138 114 119 142 164 179 167 135 116 121 95 94 61 62 54 32 15 -100 -100 -100 -100 8 44 35 51 53 38 23 
244 256 246 238 209 186 163 131 86 74 56 57 85 100 118 123 124 128 140 140 127 129 140 139 142 141 186 209 205 168 138 126 103 87 70 62 47 43 25 -100 -100 -100 -100 -100 44 57 62 65 59 53 
242 267 265 233 199 176 174 133 99 63 43 65 73 85 107 124 141 142 155 143 128 139 136 142 166 182 208 222 211 185 163 144 113 84 67 58 38 41 25 7 -100 1 -100 20 42 64 73 76 54 52 
227 241 252 215 177 159 163 121 102 66 31 55 69 89 116 146 156 165 177 161 153 160 154 166 189 218 223 217 194 181 195 158 116 90 54 44 35 28 33 29 42 37 15 36 49 50 69 75 49 53 
226 238 225 199 183 135 113 101 91 55 33 35 59 89 110 132 131 144 167 168 155 164 169 176 192 221 227 215 226 220 204 186 135 86 50 26 26 32 42 42 50 45 37 59 67 72 94 97 76 77 
220 224 226 214 198 153 120 104 88 53 25 29 45 72 71 82 106 115 143 148 154 164 154 177 198 209 226 237 233 219 206 180 125 86 44 15 26 10 25 24 37 56 55 63 90 87 114 116 90 86 
228 226 230 226 217 170 136 116 105 67 38 20 24 33 39 45 68 96 116 127 136 151 158 183 213 227 233 256 251 203 208 179 116 82 44 20 10 4 27 23 46 71 60 55 70 95 111 101 77 69 
247 238 233 217 211 176 143 122 99 64 30 17 13 5 17 22 30 68 101 120 124 134 158 189 217 227 238 252 246 202 204 184 147 81 49 33 11 5 12 14 43 70 72 69 72 96 103 76 58 55 
230 221 221 216 214 198 148 118 77 48 28 12 -100 -100 -100 -100 16 39 79 121 121 118 141 174 197 212 232 257 249 215 203 192 164 118 64 31 35 29 24 33 42 59 89 93 79 100 92 84 56 54 
258 239 224 208 205 186 145 84 59 40 43 15 16 17 4 -100 36 55 78 114 143 147 151 173 196 211 241 259 238 229 231 211 181 145 88 50 53 56 55 72 75 82 98 110 89 91 80 56 58 54 
286 253 217 190 171 168 119 70 41 22 18 28 31 19 5 1 37 55 77 96 117 137 150 162 180 206 235 238 228 238 238 241 198 179 121 80 83 72 67 92 111 112 106 108 96 91 71 43 36 46 
273 239 208 184 181 176 136 87 28 8 6 22 25 8 9 10 27 52 62 84 101 101 120 140 180 212 224 230 238 255 256 235 220 214 167 130 126 114 113 108 110 113 119 108 89 90 74 46 32 55 
224 201 192 176 171 167 147 100 48 4 10 24 16 -100 0 19 23 23 49 54 73 63 84 107 157 203 226 244 265 271 268 246 237 249 218 180 174 156 120 103 116 133 135 118 96 101 86 61 60 79 
184 194 180 174 161 154 155 112 52 8 12 14 5 -100 -100 9 44 39 38 51 61 59 89 114 160 200 234 265 283 293 276 264 254 268 249 208 204 161 130 126 138 134 139 129 114 106 95 93 98 120 
141 167 154 138 136 140 151 114 89 45 31 42 20 1 7 37 45 40 42 63 80 96 117 167 204 231 265 276 290 300 291 267 256 257 237 230 209 180 159 164 146 139 146 147 137 133 127 131 142 144 
118 117 123 116 118 126 139 142 128 85 62 53 39 32 32 65 81 51 58 75 90 111 149 188 233 253 272 280 306 286 276 251 252 247 252 244 219 200 182 183 172 151 160 159 157 173 182 180 178 197 
97 88 98 111 120 133 159 172 135 104 72 59 41 55 57 97 96 72 81 88 84 116 169 213 249 258 275 288 300 280 269 273 257 248 252 265 248 224 196 199 197 174 166 165 172 180 197 211 204 211 
106 89 105 132 130 150 175 178 139 102 81 58 54 59 84 101 118 111 115 131 119 138 179 213 223 242 244 250 268 250 247 257 271 268 268 286 270 246 235 222 216 204 199 187 177 175 197 204 207 205 
